118
121
123
145
150
119
149
141
115
148
130
148
133
131
160
124
140
137
139
142
146
146
139
164
159
162
145
166
138
161
139
144
141
172
160
160
172
158
178
203
180
185
196
206
177
208
207
194
204
209
208
209
233
220
216
237
241
269
250
279
256
266
274
285
271
278
300
305
304
310
314
325
341
327
323
339
360
398
376
375
397
365
398
410
413
412
407
391
411
406
391
442
434
414
442
366
433
445
392
426
380
416
419
407
371
348
320
332
314
307
289
294
273
268
243
240
208
237
201
165
176
137
169
159
135
143
156
158
164
130
113
108
123
114
100
98
108
113
112
107
110
95
95
71
89
105
87
89
100
90
96
87
84
99
90
84
86
94
76
85
77
75
77
91
97
100
73
91
85
73
93
77
81
85
82
71
81
95
85
92
84
59
82
99
99
91
72
79
72
62
82
87
89
89
73
82
75
90
59
70
77
67
84
79
88
94
65
76
79
73
77
69
71
85
73
69
61
90
80
80
72
94
83
71
80
75
64
75
76
77
72
84
81
77
66
89
67
60
98
75
83
83
84
76
82
66
74
78
78
76
103
82
75
72
85
91
63
79
83
96
98
103
84
109
71
103
92
76
114
90
103
94
108
93
98
81
106
111
105
80
101
92
118
107
87
86
107
76
90
91
96
97
91
96
82
101
98
96
111
82
105
97
100
97
97
104
125
110
94
96
112
105
106
118
90
93
109
116
116
119
115
114
109
105
111
125
109
97
85
114
127
116
110
114
92
122
123
124
122
107
118
109
120
117
120
134
107
112
118
115
122
125
110
106
132
141
126
105
133
135
135
116
130
109
97
119
94
100
101
111
131
117
129
96
110
111
101
115
116
102
111
112
114
119
118
109
113
111
118
111
134
136
125
118
103
121
131
133
128
127
138
121
119
106
101
116
112
131
115
119
113
105
114
131
117
123
131
101
136
117
98
110
116
133
133
138
99
122
115
107
122
112
117
99
144
120
110
129
131
132
131
110
116
117
129
105
138
120
142
135
108
137
109
140
123
108
107
144
127
136
124
119
114
121
122
113
133
129
109
128
111
130
138
100
115
122
129
116
114
125
134
122
119
120
134
114
109
130
119
134
129
126
108
124
146
137
107
127
137
117
136
103
123
130
131
132
133
134
115
135
131
112
113
123
119
117
153
132
124
118
136
133
127
124
117
110
127
120
97
111
108
131
124
125
112
117
133
119
115
123
125
125
120
137
128
126
129
118
116
141
120
121
117
123
115
113
123
121
131
122
101
120
125
131
142
124
129
130
118
122
150
142
122
134
131
137
132
110
123
104
144
135
138
117
119
118
138
136
123
137
140
115
129
122
130
135
141
119
114
144
147
110
132
127
139
135
137
131
117
116
120
130
122
128
119
141
131
111
142
121
148
137
152
116
120
141
112
133
135
122
119
126
135
147
132
125
130
130
133
129
133
134
148
135
137
145
130
138
137
120
142
131
117
144
143
124
138
120
138
136
111
137
144
125
119
144
123
146
147
125
125
139
128
146
110
127
162
141
141
140
137
126
129
130
139
138
144
130
144
150
118
129
142
140
140
116
121
137
114
124
133
133
140
160
124
165
143
144
151
153
130
140
145
147
151
134
147
140
160
144
147
143
147
146
175
133
150
134
132
122
150
137
166
145
137
148
143
134
165
146
162
140
165
155
137
158
149
144
153
130
154
129
148
142
147
162
147
150
137
145
146
158
152
157
159
141
151
151
152
138
155
147
129
153
157
154
152
153
127
152
162
140
146
144
144
165
180
146
144
135
153
144
153
132
139
151
139
152
134
138
147
135
147
161
156
129
152
164
143
134
150
135
137
152
141
141
142
139
134
149
147
130
149
149
165
138
133
128
151
135
133
143
131
143
137
151
131
151
137
131
131
153
131
149
134
137
142
122
128
158
109
133
141
121
110
126
148
137
142
136
131
152
137
145
136
138
147
148
153
131
105
125
130
125
130
124
141
141
129
142
130
131
130
149
143
138
132
134
107
162
131
125
124
152
124
119
158
126
147
136
131
141
122
123
128
146
139
124
126
127
127
131
154
122
107
126
149
142
122
139
143
122
137
130
128
133
142
113
125
133
137
127
120
117
125
129
147
134
137
143
111
137
139
129
101
120
126
145
123
129
138
133
119
122
133
138
141
152
117
119
139
127
122
135
136
114
139
125
131
135
102
145
131
108
126
138
121
126
130
136
120
106
119
131
129
108
144
113
125
130
109
124
133
129
106
129
126
104
106
128
121
136
134
140
124
130
135
108
129
126
132
117
128
125
102
110
128
107
124
130
139
118
112
145
96
134
118
122
115
132
128
100
137
134
129
130
109
116
126
142
105
115
122
127
127
131
110
111
139
126
132
124
133
130
131
139
123
116
110
129
102
124
122
133
113
133
118
139
110
127
109
123
119
118
133
108
131
111
100
111
122
138
129
112
115
130
113
114
114
108
129
124
95
117
118
114
132
107
128
112
126
119
130
95
113
139
130
95
123
135
117
128
129
98
108
116
124
122
111
113
108
124
128
116
138
86
127
117
122
138
132
119
128
121
102
136
105
113
110
102
100
113
127
102
118
133
119
110
108
101
131
109
115
111
112
121
122
120
112
125
125
113
125
110
102
115
115
136
120
103
109
115
109
127
133
127
136
119
124
120
101
121
111
122
116
119
134
112
120
108
112
108
130
103
129
125
107
109
119
128
111
91
116
126
113
108
129
114
114
100
102
104
128
110
108
106
93
112
107
106
116
99
107
116
85
118
109
119
98
117
116
100
107
108
110
133
124
110
124
118
125
112
111
123
117
132
123
120
119
131
99
144
101
115
119
123
104
111
111
120
119
105
107
102
110
113
122
126
106
105
110
110
119
119
111
105
100
101
117
107
117
117
131
121
88
86
106
115
109
123
97
102
104
111
98
104
129
117
126
99
97
105
110
125
116
113
121
100
109
105
98
126
103
101
100
112
106
103
113
121
119
101
109
113
103
118
106
118
115
118
102
120
128
112
119
101
115
111
102
113
90
106
119
108
102
132
119
123
115
126
123
106
110
108
116
96
107
124
137
118
113
106
108
120
127
100
125
114
110
101
120
116
101
114
114
116
109
116
132
106
117
106
106
108
111
131
116
140
123
125
104
127
114
107
105
108
114
114
129
105
106
136
122
96
110
115
119
101
110
106
123
114
127
115
109
122
99
109
117
109
99
115
119
122
107
114
115
115
115
116
128
120
118
101
123
100
124
120
110
101
112
106
103
102
101
110
107
106
140
110
102
110
111
122
129
112
125
100
125
110
96
122
101
127
114
125
133
119
110
118
108
108
109
104
117
117
127
112
116
119
126
124
113
93
121
109
96
92
111
112
109
107
121
117
103
94
105
113
120
108
106
110
116
113
112
106
100
114
107
127
122
122
110
112
113
91
99
117
102
113
105
111
117
109
112
112
104
123
119
112
114
112
110
98
94
110
103
112
117
107
121
116
123
96
105
82
98
96
121
108
105
114
94
133
107
105
97
118
105
107
121
100
115
105
108
90
88
105
95
103
113
107
110
115
118
97
106
101
114
94
79
92
111
112
97
102
110
112
105
96
80
118
105
108
90
91
89
103
117
83
89
125
91
119
102
99
80
103
90
106
103
113
90
105
88
94
83
91
107
112
95
99
82
68
93
106
103
112
92
97
98
97
94
107
97
79
91
73
118
95
112
101
93
78
104
95
96
92
94
87
86
87
82
90
81
96
97
78
86
94
87
99
95
76
97
71
71
87
82
85
71
66
80
90
100
74
63
76
65
71
86
87
83
56
70
90
71
101
85
95
72
69
73
61
64
76
77
70
78
71
73
74
61
89
60
88
73
62
85
66
64
58
59
55
77
61
73
74
61
68
61
63
76
68
59
58
80
70
52
63
65
53
60
63
70
49
75
49
46
51
56
51
57
42
53
56
50
52
47
56
60
48
58
49
58
45
50
47
50
56
59
47
42
52
44
45
51
38
40
42
50
54
42
29
60
39
48
48
30
46
38
41
36
35
52
42
38
39
28
41
39
51
40
42
41
34
40
41
39
49
33
47
45
30
44
35
43
39
48
47
34
45
39
33
32
30
34
31
37
36
42
35
30
34
44
19
21
29
24
27
26
40
34
29
30
31
40
25
30
26
35
26
30
27
39
36
27
23
31
29
20
30
25
28
39
31
29
31
37
28
26
35
30
33
28
27
24
33
32
27
27
29
25
19
21
24
32
32
36
26
26
28
24
25
26
25
25
33
25
24
25
24
21
19
29
23
17
31
19
35
26
30
25
23
24
19
22
27
28
30
32
25
29
17
25
13
26
27
19
36
30
34
20
25
24
27
11
20
18
25
19
16
17
25
12
25
18
18
24
21
22
13
23
25
18
25
23
20
26
21
24
28
13
12
25
18
27
29
22
35
22
26
11
16
28
20
19
17
24
32
28
22
15
24
19
23
23
15
12
19
25
18
18
20
20
22
17
27
31
13
18
15
24
27
19
31
16
21
19
18
21
26
25
22
20
20
18
27
16
30
32
30
30
25
28
20
15
18
33
18
28
17
30
19
24
26
26
24
17
28
27
26
21
26
20
28
24
17
29
30
18
24
22
30
21
18
30
32
22
24
19
19
30
29
28
32
27
43
29
29
40
27
26
45
20
40
25
22
31
43
40
30
38
26
23
38
31
36
40
34
39
40
42
39
48
35
39
31
28
39
36
43
34
43
30
34
29
49
36
36
35
46
42
41
44
38
44
47
44
53
37
50
47
48
40
40
47
45
46
51
51
60
56
39
46
58
56
52
55
60
69
53
56
64
65
62
60
67
62
69
60
61
66
69
60
76
74
85
68
80
61
83
91
73
65
74
115
77
94
85
88
85
102
75
74
100
71
89
91
98
98
121
98
97
93
100
87
107
110
113
125
85
120
111
127
110
115
131
110
131
113
118
117
119
118
134
126
136
136
139
150
158
144
151
150
151
159
120
147
141
140
155
148
154
168
200
160
165
166
177
150
193
184
196
163
166
188
200
187
204
186
216
201
174
210
215
217
232
219
229
232
228
262
217
224
250
234
247
248
259
266
242
247
251
270
253
254
286
299
264
295
288
295
273
300
296
305
292
335
275
305
334
348
352
347
325
326
331
337
368
337
348
357
388
369
393
373
406
383
401
416
374
404
424
409
442
420
398
434
461
420
447
468
460
464
420
482
487
445
462
520
502
474
513
527
547
545
546
468
527
522
550
551
543
587
538
521
570
585
550
609
559
588
649
626
620
619
546
664
616
664
714
639
660
642
697
678
705
655
714
718
672
633
739
711
729
682
741
737
725
716
744
722
763
794
725
778
776
778
772
753
853
837
834
747
842
761
751
750
758
833
775
841
841
817
837
860
873
827
842
857
857
816
819
892
890
891
840
868
845
859
862
942
849
856
892
890
895
894
864
888
892
854
872
849
863
837
893
864
884
867
780
866
876
937
878
879
863
874
875
873
809
850
847
860
835
850
864
860
839
837
822
846
791
848
864
854
788
877
815
822
823
772
804
760
785
811
780
744
761
738
723
735
697
699
730
725
733
733
697
721
688
659
663
724
685
652
623
678
632
619
620
639
659
594
626
606
606
643
566
606
535
536
553
514
525
498
544
519
501
501
498
473
464
483
495
475
475
465
417
461
445
443
443
420
410
427
370
383
400
386
402
345
376
340
352
346
346
325
357
322
286
316
309
295
281
313
285
282
270
275
259
214
260
202
245
210
266
221
208
211
218
186
207
211
190
183
192
184
170
173
187
177
163
148
149
155
171
170
139
127
140
120
141
126
110
126
124
79
109
139
111
95
101
112
123
80
87
99
83
104
79
81
76
84
78
73
83
67
82
70
75
71
71
50
46
67
49
55
49
51
47
35
59
40
42
38
34
40
42
38
35
40
29
36
45
33
34
31
30
31
30
33
25
30
21
24
29
21
28
31
26
24
22
21
32
19
25
20
18
30
24
21
20
23
26
27
20
16
30
26
29
17
20
15
15
16
15
18
13
13
11
10
11
12
15
8
10
18
10
19
6
13
9
15
10
7
5
13
8
6
10
7
7
10
13
11
10
12
14
11
13
8
11
11
9
7
13
9
14
8
3
9
10
5
9
12
6
6
13
9
13
10
8
9
15
9
7
9
13
14
10
9
11
10
9
7
9
9
10
8
8
8
5
5
5
2
11
13
12
8
11
8
7
10
8
12
8
9
10
10
7
10
11
10
7
10
8
11
7
10
9
6
5
11
9
9
8
13
13
11
13
7
7
16
8
9
13
6
11
7
15
4
3
10
4
8
4
9
9
12
13
9
6
8
11
7
3
10
5
4
7
11
4
6
8
8
14
7
9
7
4
9
4
9
11
14
10
8
7
10
8
8
8
7
10
6
5
12
5
13
11
4
6
7
9
8
8
10
7
6
9
9
5
7
5
7
4
6
5
10
6
8
10
11
12
6
9
6
4
5
6
5
7
6
2
6
4
7
5
5
6
13
8
8
10
6
7
5
7
3
14
5
9
6
7
4
8
7
9
3
8
6
3
6
3
6
9
7
6
7
6
5
11
3
6
9
6
8
7
4
11
11
5
3
7
3
8
8
9
9
5
8
5
14
1
2
8
4
9
4
10
6
7
5
5
6
7
5
8
5
7
6
7
4
7
9
4
4
11
10
6
7
12
5
6
6
5
4
8
3
2
5
6
3
7
8
11
6
8
6
7
7
7
5
6
4
9
6
10
5
4
7
6
6
9
12
6
3
9
7
6
6
3
6
8
6
9
7
6
8
5
4
9
7
3
4
6
6
3
9
6
3
10
1
4
8
7
7
2
3
8
1
3
6
7
6
8
7
7
3
6
12
5
9
4
7
4
9
2
4
6
10
3
14
3
2
14
2
7
3
7
8
7
6
7
2
5
5
5
6
5
12
3
9
4
4
10
5
10
7
3
13
7
7
7
9
3
8
8
4
5
2
4
6
3
7
5
9
5
5
8
5
8
6
5
8
2
3
7
7
9
3
7
8
6
5
7
5
11
7
6
6
2
8
1
9
4
3
7
6
6
6
7
2
10
2
6
9
5
4
3
8
14
9
6
10
4
3
4
5
5
3
6
6
5
3
7
3
6
7
7
5
5
4
5
2
8
9
3
4
6
3
2
7
3
6
5
8
6
4
7
3
6
7
4
5
4
7
7
2
6
4
6
2
6
2
4
4
4
2
12
6
5
5
4
6
4
5
9
5
2
4
4
9
8
0
3
1
6
2
4
8
4
5
3
4
5
3
6
6
7
2
5
6
5
1
3
2
5
6
3
3
1
8
3
1
9
3
5
3
6
5
7
5
4
4
1
4
4
2
5
9
5
2
9
10
5
3
5
4
4
4
6
8
4
10
7
7
3
8
5
4
6
3
8
5
4
4
6
6
10
4
5
8
3
4
6
5
4
4
2
6
2
4
8
2
4
5
7
1
9
8
3
4
7
3
4
2
7
2
2
4
6
4
7
5
5
6
3
3
3
5
1
2
7
4
8
2
3
1
2
2
4
3
6
4
6
3
4
5
6
4
5
5
5
2
4
3
6
6
4
3
4
4
1
3
3
5
3
8
5
3
4
3
6
4
7
6
4
7
3
3
2
2
3
3
2
8
4
2
5
4
0
2
4
3
5
6
4
5
5
3
3
5
3
6
10
8
8
4
3
3
5
3
6
3
2
4
5
4
3
5
3
3
0
4
3
4
2
3
4
3
5
3
2
4
2
1
7
1
4
1
2
4
4
5
4
3
3
8
6
3
3
5
2
3
8
11
5
7
5
5
6
2
2
3
2
4
4
4
5
4
5
1
5
5
4
3
2
4
4
6
3
2
4
4
4
2
7
5
6
3
1
3
3
0
3
2
2
4
3
1
1
5
1
1
3
5
2
5
3
8
2
5
4
2
5
4
6
1
3
3
4
1
5
4
0
5
1
3
4
2
1
6
4
2
3
8
6
1
2
3
4
3
1
1
2
3
5
6
6
2
5
6
3
2
3
1
5
2
8
5
4
1
3
4
1
7
4
5
3
2
0
1
1
6
4
3
5
4
5
3
2
7
7
7
4
5
6
1
4
3
1
4
3
0
1
6
5
3
4
1
2
0
5
5
1
6
1
4
5
3
5
7
3
3
5
3
3
5
6
2
5
6
3
3
3
3
4
1
2
2
1
2
2
1
1
2
7
1
2
6
5
0
7
2
5
4
2
5
8
8
2
1
5
3
4
1
2
5
6
2
4
1
4
6
6
3
0
1
2
5
3
4
3
5
2
4
6
1
2
1
2
2
3
4
7
5
3
5
2
2
3
5
2
3
2
4
7
4
2
2
2
1
3
3
2
8
2
9
3
3
3
3
2
6
2
2
3
5
1
4
2
3
1
1
2
2
3
3
2
4
2
7
2
5
3
3
1
1
2
2
2
4
6
1
2
1
0
3
2
3
2
1
3
6
2
2
3
2
5
3
3
3
6
4
1
2
3
2
3
2
2
4
0
3
1
1
4
5
2
5
3
2
1
4
3
3
3
1
5
1
3
2
4
2
5
2
5
4
4
4
3
1
5
6
1
3
3
6
4
5
5
4
3
4
2
2
1
5
2
1
2
3
2
2
0
1
5
1
2
4
3
2
2
0
2
0
1
3
4
0
5
3
2
4
2
2
6
0
1
4
9
3
3
4
4
4
1
1
1
5
0
3
5
5
2
3
2
5
4
1
2
0
1
5
3
2
0
4
2
2
2
2
3
1
2
4
2
3
2
0
1
3
2
6
2
1
2
4
1
1
2
3
2
5
1
1
2
2
2
4
1
2
3
0
0
3
2
1
4
2
4
4
1
5
5
3
1
0
1
3
0
1
0
6
1
3
3
2
2
1
0
1
2
4
1
4
3
3
4
1
2
3
1
4
5
2
4
3
3
0
1
1
3
1
4
2
4
7
1
2
2
1
6
3
1
3
1
4
2
1
3
5
3
4
3
7
3
5
2
0
4
1
4
1
3
3
5
0
2
3
3
2
1
2
2
2
3
1
2
4
1
3
4
6
5
1
3
2
1
3
2
3
3
1
2
6
3
3
3
3
3
3
2
2
3
4
2
0
2
3
5
0
2
0
1
2
3
2
1
2
1
4
3
6
6
1
5
4
2
1
0
3
1
2
1
2
4
1
4
1
4
0
2
2
5
1
1
3
3
2
3
2
2
3
5
0
3
4
1
2
2
0
3
2
4
4
2
4
2
1
0
2
2
2
2
6
2
3
2
3
2
3
1
4
2
0
1
1
3
4
2
3
3
3
3
4
1
3
2
5
0
2
2
2
4
0
0
4
0
0
1
3
6
0
1
3
2
4
1
4
5
5
0
1
4
4
2
3
2
8
1
2
1
5
2
2
3
1
0
3
2
4
4
4
2
6
2
1
2
3
3
4
1
2
2
4
4
2
0
3
2
3
3
2
2
2
2
3
4
2
1
5
3
3
2
1
1
2
1
0
2
1
2
0
3
4
1
4
1
2
1
2
1
4
3
0
1
1
0
4
3
3
5
4
5
5
2
0
3
3
1
2
3
1
2
1
1
3
2
1
5
3
2
1
1
2
2
4
1
2
1
2
1
3
5
1
3
2
4
3
6
3
2
0
0
4
0
1
2
1
3
1
5
3
3
0
2
0
3
2
0
1
3
3
1
2
2
2
3
1
1
4
1
2
1
4
2
2
3
2
0
2
3
1
2
1
3
5
5
2
0
3
3
5
3
2
5
2
0
3
0
2
1
3
2
3
2
1
5
1
1
5
3
2
3
2
2
3
1
2
0
0
2
2
6
1
2
5
1
1
0
0
2
1
3
1
3
0
5
4
1
5
2
1
2
5
3
2
2
0
4
1
2
1
4
2
3
1
0
6
3
4
4
1
3
2
1
2
5
1
2
4
5
1
2
2
0
3
1
3
1
4
3
3
1
1
3
1
2
0
2
1
2
2
0
4
1
2
2
2
0
1
4
3
1
3
2
0
1
2
0
3
1
1
0
3
1
4
1
5
0
2
3
0
2
2
1
2
1
3
1
7
3
2
2
1
1
3
2
2
3
1
0
1
2
1
0
1
3
0
1
1
2
4
0
1
2
5
2
4
1
2
2
1
3
0
2
2
4
0
1
1
0
1
3
2
2
1
2
1
1
3
5
3
0
1
1
3
1
2
0
3
0
1
1
1
1
1
3
1
2
2
2
5
3
0
1
1
1
1
3
2
5
0
3
1
4
0
1
4
0
1
2
2
3
0
1
2
3
1
1
1
0
0
1
0
5
1
2
1
3
4
2
2
1
2
1
2
1
2
2
0
3
1
1
2
1
3
1
3
2
4
3
1
3
1
4
1
0
1
0
2
1
0
3
3
1
3
1
4
3
3
4
3
1
2
4
0
4
1
2
0
2
0
1
0
3
3
0
2
2
3
0
1
2
1
2
0
3
3
3
4
0
1
4
1
2
0
2
2
2
1
4
1
0
1
0
2
1
1
3
4
0
0
1
4
2
1
1
0
0
1
0
0
3
1
1
3
1
3
3
2
2
0
2
2
1
0
0
2
1
2
2
2
1
2
4
2
3
1
2
1
2
2
0
0
2
1
2
1
4
1
1
2
1
1
5
1
0
4
0
0
1
5
1
2
5
4
5
1
0
1
1
2
1
3
2
0
1
4
1
0
1
1
4
0
1
0
1
0
1
6
1
5
3
1
4
0
1
1
0
1
0
0
4
2
1
3
1
1
0
2
0
2
4
1
3
0
1
2
1
4
1
1
1
0
1
1
1
1
0
1
3
1
2
3
1
3
1
4
1
1
1
0
0
4
2
1
3
0
1
3
1
2
1
1
2
2
1
2
3
3
0
1
1
1
1
3
1
1
5
0
1
0
0
0
1
1
0
5
1
0
1
1
2
2
1
1
0
2
0
1
0
3
1
2
1
2
0
0
1
1
2
0
0
1
0
2
1
2
1
1
0
0
1
2
1
1
1
1
1
0
2
0
0
0
1
0
1
1
2
0
1
1
2
0
0
0
3
2
0
0
1
0
0
1
0
1
2
1
1
0
1
0
1
2
0
1
0
1
1
1
0
0
0
0
1
0
0
1
0
0
0
0
0
0
1
3
1
0
0
1
0
1
0
1
0
2
2
2
1
0
0
0
1
0
0
1
0
1
1
0
0
0
0
0
1
1
0
0
0
1
0
0
0
0
1
0
0
1
0
2
0
0
1
1
0
0
0
1
0
0
0
0
0
1
0
0
0
1
0
1
2
0
2
0
0
1
0
0
0
0
0
1
0
0
0
0
0
0
0
0
0
0
0
1
0
1
0
0
0
0
1
1
0
1
0
0
1
1
0
0
0
0
0
1
0
1
3
1
0
1
0
0
0
0
0
0
0
0
1
0
1
0
0
0
1
1
1
1
0
0
1
0
0
0
0
0
0
0
0
1
0
2
0
1
0
1
0
0
1
1
0
0
2
0
0
0
1
0
1
0
0
1
0
1
0
0
2
0
0
2
0
0
1
0
0
0
0
0
0
0
1
1
2
0
1
0
0
0
1
1
1
0
0
1
0
1
0
0
0
1
0
0
1
1
1
0
0
0
1
0
1
0
0
2
0
0
1
0
0
0
0
0
0
1
1
1
1
0
0
0
1
1
2
0
0
1
1
0
0
0
0
0
1
0
0
0
0
0
1
0
0
0
1
0
1
0
0
0
0
0
1
1
0
0
1
1
0
0
0
0
1
0
0
1
0
0
2
0
1
1
0
1
0
4
0
2
0
0
0
1
1
0
1
0
1
1
0
0
0
1
0
0
2
1
1
1
0
0
0
1
1
0
0
1
0
0
0
2
0
0
0
0
1
0
0
0
0
0
1
1
0
0
0
1
0
1
0
1
0
0
0
0
0
2
0
2
0
1
2
2
0
0
1
0
1
1
0
1
0
0
0
2
1
0
0
0
0
0
0
0
0
0
0
0
1
0
0
0
0
0
1
0
0
0
0
0
0
3
1
0
0
0
0
0
0
0
1
0
0
0
0
1
0
0
0
0
0
0
0
0
1
1
0
0
1
0
1
0
0
0
0
0
0
1
0
0
0
0
0
0
0
0
0
0
1
0
1
0
0
0
0
1
0
0
1
2
0
0
0
0
0
0
1
0
0
1
0
0
2
0
0
0
0
0
0
0
1
0
0
2
0
1
0
0
0
0
1
0
0
1
0
0
0
0
0
0
0
2
1
0
0
0
0
0
0
0
0
0
1
0
0
0
0
1
0
0
0
0
0
1
0
0
0
1
0
1
1
0
0
1
0
0
0
0
0
1
1
0
0
0
0
0
1
0
0
0
0
0
0
1
0
0
0
0
0
1
0
1
1
0
0
0
0
0
0
0
0
0
0
0
0
1
0
1
1
1
0
0
0
0
0
0
0
0
0
0
0
0
0
0
0
0
0
0
0
0
0
0
1
0
0
0
0
0
0
1
0
0
0
0
0
0
1
0
0
0
0
0
0
0
0
2
0
0
0
0
0
0
0
0
0
0
0
0
1
0
0
0
0
0
0
0
1
0
0
0
0
0
0
0
0
0
0
1
1
0
0
0
0
0
0
0
0
0
0
0
0
0
0
0
0
0
0
1
0
0
0
0
0
0
0
1
0
0
0
0
0
0
0
0
0
0
0
0
0
0
0
1
0
0
0
0
0
0
0
0
0
0
0
0
0
0
0
1
0
0
0
0
0
0
0
0
0
1
1
0
0
0
0
0
1
0
0
0
0
0
0
1
0
0
0
0
0
0
0
0
0
0
0
1
0
0
0
0
0
0
0
0
0
0
0
0
1
0
0
0
0
0
0
0
0
1
0
1
0
0
0
1
0
2
0
0
0
0
0
1
0
0
0
0
0
0
0
0
0
0
0
0
0
0
0
0
0
0
0
0
0
0
0
0
0
0
0
0
0
0
0
0
1
0
1
0
0
1
1
0
0
0
0
0
0
0
0
0
0
0
0
0
0
0
0
0
0
0
0
0
0
0
0
0
0
0
0
0
0
0
1
0
0
0
0
0
0
0
0
0
0
0
0
0
1
0
0
0
0
1
0
0
0
0
0
0
0
0
0
0
0
0
0
0
0
0
0
0
0
0
0
0
0
0
0
0
0
0
0
0
1
0
1
0
0
0
0
0
0
0
0
0
0
0
0
0
0
0
0
1
0
0
0
0
0
0
0
0
0
0
1
0
0
0
0
0
0
0
0
0
0
0
0
0
0
0
0
0
0
0
0
0
1
0
0
0
0
0
0
0
0
0
1
0
0
1
0
0
0
0
0
0
0
0
0
0
0
0
0
0
0
0
0
0
0
0
0
0
0
0
0
0
0
1
0
0
0
0
0
0
0
0
0
0
0
0
0
0
0
0
0
0
0
0
0
0
0
0
0
0
0
0
0
0
0
0
0
0
0
0
0
0
0
0
0
0
0
0
0
0
0
0
1
0
0
0
0
0
0
0
0
0
0
0
0
0
0
0
0
0
0
0
0
1
0
0
1
0
0
0
0
0
0
0
0
0
0
0
0
0
0
2
1
0
0
0
0
0
0
0
0
0
0
0
0
0
0
0
1
0
0
0
0
0
0
0
0
0
1
0
0
0
0
0
0
0
0
0
0
1
0
0
0
1
0
0
0
0
0
0
0
1
0
0
0
0
0
0
0
1
0
0
0
0
0
0
0
0
0
0
0
0
0
0
0
0
1
0
0
0
0
0
0
0
0
0
0
0
1
0
0
0
0
0
0
0
0
0
0
0
0
0
0
0
0
0
0
0
0
0
0
0
0
0
0
0
0
0
1
0
0
0
0
0
0
0
0
0
0
0
0
0
1
1
0
0
0
0
0
1
0
0
1
0
0
0
0
0
0
0
0
0
0
0
0
0
0
0
0
0
0
0
1
0
0
1
0
0
0
0
1
0
0
0
0
0
0
0
0
0
0
0
0
0
0
0
1
0
0
0
2
1
0
0
0
0
0
0
1
0
0
0
0
0
0
1
0
0
0
1
0
0
0
0
0
0
0
0
0
0
0
0
0
0
0
0
0
2
0
0
0
0
0
0
1
0
0
1
0
0
0
0
0
0
1
0
0
0
0
0
0
0
1
0
0
0
0
0
0
0
0
0
0
0
0
0
0
0
0
0
0
0
0
0
0
0
0
0
1
0
0
0
0
0
0
1
0
1
0
0
0
0
0
0
0
0
0
0
0
0
0
0
0
0
0
1
0
0
0
0
1
0
0
0
0
0
0
0
0
0
0
0
0
0
0
0
0
0
0
0
0
1
0
0
0
0
0
0
0
0
0
0
0
0
0
0
0
0
0
0
1
0
0
0
0
0
0
0
0
0
0
0
0
0
0
0
0
0
0
0
0
0
0
0
0
0
1
0
0
0
0
0
0
0
0
0
1
0
0
0
1
0
0
0
0
0
0
0
0
0
0
0
0
0
0
0
0
0
0
0
0
0
0
0
1
0
1
0
0
0
0
0
0
0
0
0
0
0
0
0
0
0
0
0
0
2
0
0
0
0
0
0
0
0
0
0
0
0
0
0
0
0
0
0
0
0
0
0
1
0
0
0
0
0
0
1
0
0
1
0
0
0
0
0
0
0
0
0
0
0
0
0
0
0
0
0
0
0
0
0
0
0
0
0
0
0
0
0
1
0
0
0
0
0
0
0
0
0
0
0
0
0
0
1
0
0
0
0
0
0
0
0
0
0
0
0
0
0
0
0
0
0
0
0
0
0
0
0
0
0
0
0
0
0
0
0
0
0
0
0
0
0
0
0
0
0
0
0
0
0
0
0
0
0
0
0
0
0
0
0
0
0
0
0
0
0
0
0
0
0
0
0
0
0
0
0
0
0
0
0
0
0
0
0
0
0
0
0
0
0
1
0
0
0
0
0
0
0
0
0
0
0
0
0
0
0
1
0
0
0
0
0
0
0
0
0
0
0
0
0
0
0
0
0
0
1
0
0
1
0
0
0
0
0
0
0
0
0
0
0
0
0
0
0
0
0
0
0
0
0
0
0
0
0
0
0
0
0
0
0
0
0
0
0
0
0
0
0
0
0
0
0
0
0
0
0
1
0
0
0
0
0
0
0
0
0
0
0
0
0
0
0
0
0
0
0
0
0
0
0
0
0
1
0
0
0
0
0
0
0
0
0
0
0
0
0
0
0
0
0
0
0
0
0
0
0
0
0
0
0
0
0
0
0
0
0
0
0
0
0
0
0
0
0
0
0
0
0
0
0
0
0
0
0
0
0
0
0
0
0
0
0
0
0
0
0
0
0
0
0
0
0
0
0
0
0
0
0
0
0
0
1
0
0
0
0
0
0
0
0
0
0
0
0
0
0
0
0
0
0
0
0
0
0
0
0
0
0
0
0
0
0
0
0
0
0
0
0
0
0
0
0
0
1
0
0
0
0
0
0
0
0
0
0
0
1
0
0
0
0
0
0
0
0
0
0
0
0
0
0
1
0
0
0
0
0
0
0
0
0
0
0
0
0
0
0
1
0
0
0
0
0
0
0
0
0
0
0
2
0
0
0
0
0
0
0
0
0
0
0
0
0
0
0
0
0
0
0
0
0
0
0
0
0
0
0
0
0
0
0
0
0
0
0
0
0
0
0
0
0
0
0
0
0
0
0
0
0
0
0
1
0
0
0
0
0
0
0
0
0
0
0
0
0
0
0
0
0
0
0
0
0
0
0
0
0
0
0
0
0
0
0
0
0
0
0
0
0
0
0
0
0
0
0
0
0
0
0
0
1
0
0
0
0
0
0
0
0
0
0
0
0
0
0
0
0
0
0
0
0
0
0
0
0
0
0
0
0
0
0
0
0
0
0
0
0
0
0
0
0
0
0
0
0
0
0
0
0
0
0
0
0
0
0
0
0
0
0
0
0
0
0
0
0
0
0
0
0
0
0
0
0
0
0
0
0
0
0
0
0
0
0
0
0
0
0
0
0
0
0
0
0
0
0
0
0
0
1
0
1
0
0
0
0
0
0
0
0
0
0
0
0
0
0
0
0
0
0
0
0
0
0
0
0
0
0
0
0
0
0
0
0
0
0
0
0
0
0
0
0
0
0
0
0
0
0
0
0
0
0
0
0
0
0
0
0
0
0
0
1
0
0
0
0
0
0
0
0
0
0
0
0
0
0
0
0
0
0
0
0
1
0
0
1
0
0
0
0
0
0
0
0
0
0
0
0
0
0
0
0
0
0
0
0
0
1
0
0
0
0
0
0
0
0
0
0
0
0
0
1
0
0
0
0
0
0
0
0
0
0
0
0
0
0
0
0
0
0
0
0
0
0
1
0
0
0
0
0
0
0
0
1
0
0
0
0
0
0
0
0
1
0
0
0
0
0
0
0
0
0
0
0
0
0
0
0
0
0
0
0
0
0
0
0
0
0
0
0
0
0
0
0
0
0
0
0
0
0
0
0
1
0
0
0
0
0
0
0
0
0
0
0
0
0
0
0
0
0
0
0
0
0
0
0
0
0
0
0
0
0
0
0
0
0
0
0
0
0
0
0
0
0
0
0
0
0
0
0
1
0
0
0
0
0
0
0
0
0
0
0
0
0
0
0
0
0
0
0
0
0
0
0
0
0
0
0
0
0
0
0
0
0
0
0
0
0
0
0
0
0
0
0
0
0
0
0
0
0
0
0
0
0
0
0
0
0
0
0
0
0
0
0
0
0
1
0
0
0
0
0
0
0
0
0
0
0
0
0
0
0
0
0
0
0
0
0
0
0
0
0
0
0
0
0
0
0
0
0
0
0
0
1
1
0
1
0
0
2
0
0
0
0
0
0
0
0
0
0
0
0
0
0
0
0
0
0
0
0
0
0
0
0
0
0
1
0
0
0
0
0
0
0
0
0
0
0
0
0
0
0
0
0
0
0
0
0
0
0
0
0
0
0
0
0
0
0
0
0
0
0
0
0
0
0
0
0
0
0
0
0
0
0
0
0
0
0
0
1
0
0
0
0
0
0
0
0
0
0
0
0
0
0
0
0
0
0
0
0
0
0
0
0
0
0
0
0
0
0
0
0
1
0
0
0
0
0
0
0
0
0
0
0
0
0
0
0
0
0
0
0
0
0
0
0
0
0
0
0
0
0
0
0
0
0
0
0
0
0
0
0
0
0
0
0
0
0
0
0
0
0
0
0
0
0
0
0
0
0
0
0
0
0
0
0
0
0
0
0
1
0
0
0
0
0
0
0
0
0
0
0
0
0
0
0
0
0
0
0
0
0
0
0
0
0
0
0
0
1
0
0
0
0
0
0
0
0
0
0
1
0
0
0
0
0
0
0
0
1
0
0
0
0
0
0
0
0
0
0
0
0
0
0
0
0
0
0
0
0
0
0
0
0
1
0
0
0
0
0
0
0
0
0
1
0
0
0
0
0
0
0
0
0
0
0
0
0
0
0
0
1
0
0
0
0
0
0
0
0
0
0
0
0
0
0
0
0
0
0
0
0
0
0
0
0
0
0
0
0
0
0
0
0
0
0
0
0
0
0
0
0
0
0
0
0
0
0
0
0
0
0
0
0
0
0
0
0
0
0
0
0
0
0
0
0
0
0
0
0
0
0
0
0
0
0
0
0
0
0
0
0
0
0
0
0
0
0
0
0
0
0
0
0
0
0
0
0
0
0
0
0
0
0
0
1
0
0
0
0
0
0
0
0
0
0
0
0
0
0
0
0
0
0
0
0
0
0
1
0
0
0
0
0
0
0
0
0
0
0
0
0
0
0
0
0
0
0
0
0
0
0
0
1
0
0
0
0
0
0
0
0
0
0
0
0
0
0
0
0
1
0
0
0
0
0
0
0
0
0
0
0
0
0
0
0
0
0
0
0
0
0
0
0
0
0
0
0
0
0
0
0
0
0
0
0
0
0
0
0
0
0
0
0
0
0
0
0
0
0
1
0
0
0
0
0
0
0
0
0
0
0
0
0
0
0
0
0
0
0
0
0
0
0
0
0
0
0
0
0
0
0
0
0
0
0
0
0
0
0
0
0
0
0
0
0
0
0
0
0
0
0
0
0
0
0
0
0
0
0
0
0
0
0
0
0
0
0
0
0
0
0
0
0
0
0
1
0
0
0
0
0
0
0
0
0
0
0
0
0
0
0
0
0
0
0
0
0
0
0
0
0
0
0
0
0
0
0
0
1
0
0
0
0
0
0
0
0
0
0
0
0
0
0
0
0
0
0
0
0
0
0
0
0
0
0
0
0
0
0
0
0
0
0
1
0
0
0
0
0
0
0
0
0
0
0
0
0
0
0
0
0
0
0
0
0
0
0
0
0
0
0
0
0
0
0
0
0
0
0
0
0
0
0
0
0
0
0
0
0
0
0
0
0
0
0
0
0
0
0
0
0
0
0
0
0
0
0
0
0
0
0
0
0
0
0
0
0
0
0
0
0
